#Group1
1 1 0.31 7.41731392082794E-08 0
1 2 0.32 1.18388107523502E-06 0
1 3 0.33 5.96909192111468E-06 0
1 4 0.34 1.87582025196909E-05 0
1 5 0.35 4.54622498459031E-05 0
1 6 0.36 9.34298486778416E-05 0
1 7 0.37 0.000171265825218994 0
1 8 0.38 0.000288617263521084 0
1 9 0.39 0.000455931355469736 0
1 10 0.4 0.000684190032443864 0
1 11 0.41 0.000984626845924351 0
1 12 0.42 0.00136843194560571 0
1 13 0.43 0.00184645126936062 0
1 14 0.44 0.00242888620438188 0
1 15 0.45 0.003125 0
1 16 0.46 0.0039428371094877 0
1 17 0.47 0.00488896141248563 0
1 18 0.48 0.00596821892578289 0
1 19 0.49 0.00718353015464001 0
1 20 0.5 0.00853571667841481 0
1 21 0.51 0.0100233659137224 0
1 22 0.52 0.0116427372683136 0
1 23 0.53 0.0133877121034386 0
1 24 0.54 0.0152497890771051 0
1 25 0.55 0.0172181255617614 0
1 26 0.56 0.0192796249346234 0
1 27 0.57 0.0214190686445302 0
1 28 0.58 0.0236192910832812 0
1 29 0.59 0.0258613944489416 0
1 30 0.6 0.028125 0
1 31 0.61 0.0303885313779192 0
1 32 0.62 0.0326295250356435 0
1 33 0.63 0.0348249622635486 0
1 34 0.64 0.0369516168628569 0
1 35 0.65 0.0389864121883928 0
1 36 0.66 0.0409067810742171 0
1 37 0.67 0.0426910220713424 0
1 38 0.68 0.0443186454681654 0
1 39 0.69 0.0457707027308079 0
1 40 0.7 0.0470300932891413 0
1 41 0.71 0.0480818429994357 0
1 42 0.72 0.0489133491286114 0
1 43 0.73 0.0495145873181537 0
1 44 0.74 0.0498782766861304 0
1 45 0.75 0.05 0
1 46 0.76 0.0498782766861304 0
1 47 0.77 0.0495145873181537 0
1 48 0.78 0.0489133491286114 0
1 49 0.79 0.0480818429994356 0
1 50 0.8 0.0470300932891413 0
1 51 0.81 0.0457707027308079 0
1 52 0.82 0.0443186454681654 0
1 53 0.83 0.0426910220713424 0
1 54 0.84 0.0409067810742171 0
1 55 0.85 0.0389864121883928 0
1 56 0.86 0.0369516168628569 0
1 57 0.87 0.0348249622635486 0
1 58 0.88 0.0326295250356435 0
1 59 0.89 0.0303885313779192 0
1 60 0.9 0.028125 0
1 61 0.91 0.0258613944489416 0
1 62 0.92 0.0236192910832812 0
1 63 0.93 0.0214190686445303 0
1 64 0.94 0.0192796249346234 0
1 65 0.95 0.0172181255617613 0
1 66 0.96 0.0152497890771051 0
1 67 0.97 0.0133877121034386 0
1 68 0.98 0.0116427372683136 0
1 69 0.99 0.0100233659137224 0
1 70 1 0.00853571667841482 0
1 71 1.01 0.00718353015464003 0
1 72 1.02 0.0059682189257829 0
1 73 1.03 0.00488896141248564 0
1 74 1.04 0.0039428371094877 0
1 75 1.05 0.00312500000000001 0
1 76 1.06 0.00242888620438188 0
1 77 1.07 0.00184645126936062 0
1 78 1.08 0.00136843194560571 0
1 79 1.09 0.000984626845924355 0
1 80 1.1 0.000684190032443862 0
1 81 1.11 0.000455931355469736 0
1 82 1.12 0.000288617263521083 0
1 83 1.13 0.000171265825218997 0
1 84 1.14 9.34298486778422E-05 0
1 85 1.15 4.54622498459039E-05 0
1 86 1.16 1.87582025196909E-05 0
1 87 1.17 5.96909192111481E-06 0
1 88 1.18 1.18388107523503E-06 0
1 89 1.19 7.41731392082842E-08 0
1 90 1.2 1.12648359364747E-65 0


#Group 2
2 1 0 0 0
2 2 0 5 0
2 3 1.5 0 0
2 4 1.5 5 0
2 5 -25 0 0
2 6 -25 5 0
2 7 25 0 0
2 8 25 5 0